{"name":"clone5","class":"BeamNGVehicle","persistentId":"2fb69fb6-6109-401e-bb40-1333d62ace36","__parent":"SimGroup_","position":[332.156769,1684.22742,97.7232742],"color":[0.360000014,0.540000021,0.730000019,0.469999999],"colorPalette0":[0.709999979,0.709999979,0.709999979,0.980000019],"colorPalette1":[0.109999999,0.0799999982,0.0799999982,0.75],"dataBlock":"default_vehicle","jBeam":"DH_Helicopter","metallicPaintData":[[0.239999995,0.50999999,0.600000024,0.25999999],[0.239999995,0.50999999,0.600000024,0.25999999],[0.239999995,0.50999999,0.600000024,0.25999999],null],"paints":"{{[\"baseColor\"]={0.651,1,0,1},[\"roughness\"]=0.5,[\"clearcoat\"]=0.8,[\"metallic\"]=0.2,[\"clearcoatRoughness\"]=0},{[\"baseColor\"]={0.651,1,0,1},[\"roughness\"]=0.5,[\"clearcoat\"]=0.8,[\"metallic\"]=0.2,[\"clearcoatRoughness\"]=0},{[\"baseColor\"]={0.651,1,0,1},[\"roughness\"]=0.5,[\"clearcoat\"]=0.8,[\"metallic\"]=0.2,[\"clearcoatRoughness\"]=0}}","partConfig":"vehicles/DH_Helicopter/ScrapyardFunctional.pc","rotationMatrix":[0.111701548,0.334243238,0.935844183,0.666058958,-0.724075794,0.179108426,0.737487793,0.603320658,-0.303506136]}
{"name":"clone3","class":"BeamNGVehicle","persistentId":"3cce33bb-c81e-45e2-8755-a82fcb04cf5e","__parent":"SimGroup_","position":[328.638794,1684.59326,93.0761108],"dataBlock":"default_vehicle","jBeam":"christmas_tree","metallicPaintData":[[0.200000003,0.5,0.800000012,0],[0.200000003,0.5,0.800000012,0],[0.200000003,0.5,0.800000012,0],null],"paints":"{{[\"baseColor\"]={1,1,1,1},[\"roughness\"]=0.5,[\"clearcoat\"]=0.8,[\"metallic\"]=0.2,[\"clearcoatRoughness\"]=0},{[\"baseColor\"]={1,1,1,1},[\"roughness\"]=0.5,[\"clearcoat\"]=0.8,[\"metallic\"]=0.2,[\"clearcoatRoughness\"]=0},{[\"baseColor\"]={1,1,1,1},[\"roughness\"]=0.5,[\"clearcoat\"]=0.8,[\"metallic\"]=0.2,[\"clearcoatRoughness\"]=0}}","partConfig":"christmas_tree","rotationMatrix":[0.147150874,0.944082558,0.295050353,-0.943084419,0.223854423,-0.24592869,-0.298225313,-0.242068782,0.923289955]}
{"name":"clone0","class":"BeamNGVehicle","persistentId":"485f135d-de74-4b03-bac4-054d8c2b06af","__parent":"SimGroup_","position":[351.919495,1685.17761,96.5823746],"color":[0.240871802,0.53365612,0.855128229,1],"dataBlock":"default_vehicle","jBeam":"barrels","metallicPaintData":[[0.200000003,0.5,0.800000012,0],[0.200000003,0.5,0.800000012,0],[0.200000003,0.5,0.800000012,0],null],"paints":"{{[\"baseColor\"]={1,1,1,1},[\"roughness\"]=0.5,[\"clearcoat\"]=0.8,[\"metallic\"]=0.2,[\"clearcoatRoughness\"]=0},{[\"baseColor\"]={1,1,1,1},[\"roughness\"]=0.5,[\"clearcoat\"]=0.8,[\"metallic\"]=0.2,[\"clearcoatRoughness\"]=0},{[\"baseColor\"]={1,1,1,1},[\"roughness\"]=0.5,[\"clearcoat\"]=0.8,[\"metallic\"]=0.2,[\"clearcoatRoughness\"]=0}}","partConfig":"{[\"vars\"]={},[\"partConfigFilename\"]=\"vehicles/barrels/empty.pc\",[\"parts\"]={[\"paint_design\"]=\"barrel_skin_target2\",[\"barrel_contents\"]=\"\"},[\"paints\"]={{[\"baseColor\"]={0.2408717949,0.5336561003,0.8551282051,1},[\"roughness\"]=0.5,[\"clearcoat\"]=0.8,[\"metallic\"]=0.2,[\"clearcoatRoughness\"]=0},{[\"baseColor\"]={1,1,1,1},[\"roughness\"]=0.5,[\"clearcoat\"]=0.8,[\"metallic\"]=0.2,[\"clearcoatRoughness\"]=0},{[\"baseColor\"]={1,1,1,1},[\"roughness\"]=0.5,[\"clearcoat\"]=0.8,[\"metallic\"]=0.2,[\"clearcoatRoughness\"]=0}},[\"mainPartName\"]=\"barrel_01a\"}","rotationMatrix":[0.661090136,-0.750306487,-4.97698784e-06,1.37984753e-05,5.54323196e-06,1,-0.750306487,-0.661090136,1.40070915e-05]}
{"name":"clone4","class":"BeamNGVehicle","persistentId":"7eb9efa8-a0fb-497d-863a-ea9825514f1b","__parent":"SimGroup_","position":[351.289185,1796.38477,80.3051453],"color":[0.910513461,0.910109997,0.91188997,1.20000005],"colorPalette0":[0.180000007,0.360000014,0.0900000036,1.20000005],"colorPalette1":[0.180000007,0.360000014,0.0900000036,1.20000005],"dataBlock":"default_vehicle","jBeam":"pigeon","licenseDesign":"vehicles/common/licenseplates/west_coast_usa/licensePlate-default.json","licenseFormats":"[\"30-15\"]","licenseText":">|KoR|<Frisqy.ViruS (ZdrytchX)","metallicPaintData":[[0,1,1,0.0599999987],[0,1,1,0.0599999987],[0,1,1,0.0599999987],null],"paints":"{{[\"baseColor\"]={0.18,0.36,0.09,1.2},[\"roughness\"]=1,[\"clearcoat\"]=1,[\"metallic\"]=0,[\"clearcoatRoughness\"]=0.06},{[\"baseColor\"]={0.18,0.36,0.09,1.2},[\"roughness\"]=1,[\"clearcoat\"]=1,[\"metallic\"]=0,[\"clearcoatRoughness\"]=0.06},{[\"baseColor\"]={0.18,0.36,0.09,1.2},[\"roughness\"]=1,[\"clearcoat\"]=1,[\"metallic\"]=0,[\"clearcoatRoughness\"]=0.06}}","partConfig":"{[\"parts\"]={[\"pigeon_signal_FR\"]=\"pigeon_signal_FR\",[\"pigeon_licenseplate_F\"]=\"pigeon_licenseplate_F\",[\"pigeon_mod\"]=\"\",[\"pigeon_signal_FL\"]=\"pigeon_signal_FL\",[\"tire_R_10x4.5\"]=\"tire_R_145_80_10_standard\",[\"pigeon_bumper_R\"]=\"pigeon_bumper_R\",[\"pigeon_exhaust\"]=\"pigeon_exhaust\",[\"pigeon_flywheel\"]=\"pigeon_flywheel\",[\"brakepad_R\"]=\"brakepad_R\",[\"pigeon_stabilizer_L\"]=\"\",[\"pigeon_engine\"]=\"\",[\"wheel_R_3\"]=\"pigeon_wheel_01a_R\",[\"brakepad_F\"]=\"brakepad_F\",[\"pigeon_suspension_F\"]=\"pigeon_suspension_F_3w\",[\"pigeon_coilover_F_3w\"]=\"pigeon_coilover_F_3w\",[\"pigeon_passenger_weight\"]=\"pigeon_passenger_weight\",[\"pigeon_dashboard\"]=\"pigeon_dashboard\",[\"pigeon_frame\"]=\"pigeon_frame\",[\"pigeon_shiftlight\"]=\"\",[\"pigeon_mirror_L\"]=\"\",[\"pigeon_headlight_R\"]=\"pigeon_headlight_R\",[\"hubcap_F_10_3w\"]=\"\",[\"pigeon_seat_FR\"]=\"pigeon_seat_FR\",[\"pigeon_doorglass_L\"]=\"pigeon_doorglass_L\",[\"pigeon_seat_FL\"]=\"pigeon_seat_FL\",[\"pigeon_lettering_F\"]=\"pigeon_lettering_F\",[\"pigeon_brake_F_3w\"]=\"pigeon_brake_F_3w\",[\"pigeon_driver_weight\"]=\"pigeon_driver_weight\",[\"pigeon_driveshaft_R\"]=\"pigeon_driveshaft_R\",[\"soundscape_horn\"]=\"soundscape_horn_8\",[\"pigeon_roofaccessory\"]=\"\",[\"pigeon_i3_intake\"]=\"pigeon_i3_intake\",[\"pigeon_airdam_F\"]=\"\",[\"pigeon_suspension_R\"]=\"pigeon_axle_R\",[\"pigeon_rollcage\"]=\"\",[\"pigeon_i3_internals\"]=\"pigeon_i3_internals\",[\"pigeon_taillight_L\"]=\"pigeon_taillight_L\",[\"pigeon_mirror_R\"]=\"pigeon_mirror_R\",[\"pigeon_backlight\"]=\"pigeon_backlight\",[\"pigeon_swaybar_R\"]=\"pigeon_swaybar_R\",[\"pigeon_towhitch\"]=\"\",[\"pigeon_transmission\"]=\"pigeon_transmission_3M\",[\"pigeon_windshield\"]=\"pigeon_windshield\",[\"pigeon_licenseplate_R\"]=\"pigeon_licenseplate_R\",[\"pigeon_headlight_L\"]=\"pigeon_headlight_L\",[\"pigeon_bumper_F\"]=\"pigeon_bumper_F\",[\"pigeon_enginemounts\"]=\"pigeon_enginemounts\",[\"pigeon_door_L\"]=\"pigeon_door_L\",[\"pigeon_grille\"]=\"pigeon_grille\",[\"pigeon_i3_oilpan\"]=\"pigeon_i3_oilpan\",[\"pigeon_wheeldata_F_3w\"]=\"pigeon_wheeldata_F_3w\",[\"paint_design\"]=\"\",[\"pigeon_stabilizer_R\"]=\"\",[\"wheel_F_3_3w\"]=\"pigeon_wheel_01a_F_3w\",[\"gps\"]=\"\",[\"pigeon_steering_3w\"]=\"pigeon_steering_3w\",[\"licenseplate_design_2_1\"]=\"\",[\"pigeon_sparetire\"]=\"pigeon_sparetire\",[\"pigeon_shifter\"]=\"pigeon_shifter_M\",[\"pigeon_taillight_R\"]=\"pigeon_taillight_R\",[\"pigeon_body\"]=\"pigeon_body_3w\",[\"pigeon_doorglass_R\"]=\"pigeon_doorglass_R\",[\"pigeon_hood\"]=\"pigeon_hood\",[\"pigeon_brake_R\"]=\"pigeon_brake_R\",[\"pigeon_i3_radiator\"]=\"pigeon_i3_radiator\",[\"n2o_system\"]=\"\",[\"pigeon_wheeldata_R\"]=\"pigeon_wheeldata_R\",[\"pigeon_differential_R\"]=\"pigeon_differential_R\",[\"hubcap_R_10\"]=\"\",[\"pigeon_door_R\"]=\"pigeon_door_R\",[\"pigeon_fueltank\"]=\"pigeon_fueltank_gasoline\",[\"pigeon_spring_R\"]=\"pigeon_spring_R\",[\"pigeon_shock_R\"]=\"pigeon_shock_R\",[\"pigeon_finaldrive_R\"]=\"pigeon_finaldrive_R_478\",[\"tire_F_10x4.5_3w\"]=\"tire_F_145_80_10_standard_3w\",[\"pigeon_bed\"]=\"\",[\"pigeon_i3_ecu\"]=\"\",[\"pigeon_steer\"]=\"pigeon_steer\",[\"pigeon_snorkel\"]=\"\"},[\"model\"]=\"pigeon\",[\"partConfigFilename\"]=\"vehicles/pigeon/base.pc\",[\"paints\"]={{[\"baseColor\"]={0.9105134341,0.91011,0.91189,1.2},[\"roughness\"]=1,[\"clearcoat\"]=1,[\"metallic\"]=0,[\"clearcoatRoughness\"]=0.06},{[\"baseColor\"]={0.18,0.36,0.09,1.2},[\"roughness\"]=1,[\"clearcoat\"]=1,[\"metallic\"]=0,[\"clearcoatRoughness\"]=0.06},{[\"baseColor\"]={0.18,0.36,0.09,1.2},[\"roughness\"]=1,[\"clearcoat\"]=1,[\"metallic\"]=0,[\"clearcoatRoughness\"]=0.06}},[\"mainPartName\"]=\"pigeon\"}","rotationMatrix":[0.954601705,0.293396086,-0.0515201166,-0.293593138,0.955922663,0.00387098105,0.050384976,0.0114307078,0.998664439]}
{"name":"clone7","class":"BeamNGVehicle","persistentId":"81d605a4-e1e8-4fdf-986b-3dc5ddc381ab","__parent":"SimGroup_","position":[385.791534,1682.85376,76.9962006],"dataBlock":"default_vehicle","jBeam":"piano","metallicPaintData":[[0.200000003,0.5,0.800000012,0],[0.200000003,0.5,0.800000012,0],[0.200000003,0.5,0.800000012,0],null],"paints":"{{[\"baseColor\"]={1,1,1,1},[\"roughness\"]=0.5,[\"clearcoat\"]=0.8,[\"metallic\"]=0.2,[\"clearcoatRoughness\"]=0},{[\"baseColor\"]={1,1,1,1},[\"roughness\"]=0.5,[\"clearcoat\"]=0.8,[\"metallic\"]=0.2,[\"clearcoatRoughness\"]=0},{[\"baseColor\"]={1,1,1,1},[\"roughness\"]=0.5,[\"clearcoat\"]=0.8,[\"metallic\"]=0.2,[\"clearcoatRoughness\"]=0}}","partConfig":"piano","rotationMatrix":[-0.999791622,-0.00243916479,0.0202409662,0.00223315018,-0.999945045,-0.0101944664,0.0202647299,-0.0101471459,0.999743164]}
{"name":"clone2","class":"BeamNGVehicle","persistentId":"a64c2841-ef0c-474c-8328-5c195a80e7b5","__parent":"SimGroup_","position":[266.78125,1679.99146,95.5570297],"color":[0.925000012,0.174999997,0.174999997,1],"dataBlock":"default_vehicle","jBeam":"barrels","metallicPaintData":[[0.200000003,0.5,0.800000012,0],[0.200000003,0.5,0.800000012,0],[0.200000003,0.5,0.800000012,0],null],"paints":"{{[\"baseColor\"]={1,1,1,1},[\"roughness\"]=0.5,[\"clearcoat\"]=0.8,[\"metallic\"]=0.2,[\"clearcoatRoughness\"]=0},{[\"baseColor\"]={1,1,1,1},[\"roughness\"]=0.5,[\"clearcoat\"]=0.8,[\"metallic\"]=0.2,[\"clearcoatRoughness\"]=0},{[\"baseColor\"]={1,1,1,1},[\"roughness\"]=0.5,[\"clearcoat\"]=0.8,[\"metallic\"]=0.2,[\"clearcoatRoughness\"]=0}}","partConfig":"{[\"paints\"]={{[\"baseColor\"]={0.925,0.175,0.175,1},[\"roughness\"]=0.5,[\"clearcoat\"]=0.8,[\"metallic\"]=0.2,[\"clearcoatRoughness\"]=0},{[\"baseColor\"]={1,1,1,1},[\"roughness\"]=0.5,[\"clearcoat\"]=0.8,[\"metallic\"]=0.2,[\"clearcoatRoughness\"]=0},{[\"baseColor\"]={1,1,1,1},[\"roughness\"]=0.5,[\"clearcoat\"]=0.8,[\"metallic\"]=0.2,[\"clearcoatRoughness\"]=0}},[\"model\"]=\"barrels\",[\"vars\"]={},[\"partConfigFilename\"]=\"vehicles/barrels/target.pc\",[\"parts\"]={[\"paint_design\"]=\"barrel_skin_target2\",[\"barrel_contents\"]=\"\"},[\"mainPartName\"]=\"barrel_01a\",[\"licenseName\"]=\"YEI-9067\"}","rotationMatrix":[-0.0161873102,0.492184311,0.870340466,-0.127742141,0.862303376,-0.49001509,-0.991675258,-0.119111165,0.0489143133]}
{"name":"clone6","class":"BeamNGVehicle","persistentId":"c01560bb-0704-446a-811c-9f8cb4864f06","__parent":"SimGroup_","position":[384.13327,1685.26831,74.8749542],"dataBlock":"default_vehicle","jBeam":"tirestacks","metallicPaintData":[[0.200000003,0.5,0.800000012,0],[0.200000003,0.5,0.800000012,0],[0.200000003,0.5,0.800000012,0],null],"paints":"{{[\"baseColor\"]={1,1,1,1},[\"roughness\"]=0.5,[\"clearcoat\"]=0.8,[\"metallic\"]=0.2,[\"clearcoatRoughness\"]=0},{[\"baseColor\"]={1,1,1,1},[\"roughness\"]=0.5,[\"clearcoat\"]=0.8,[\"metallic\"]=0.2,[\"clearcoatRoughness\"]=0},{[\"baseColor\"]={1,1,1,1},[\"roughness\"]=0.5,[\"clearcoat\"]=0.8,[\"metallic\"]=0.2,[\"clearcoatRoughness\"]=0}}","partConfig":"tirestacks","rotationMatrix":[0.605450392,0.795883,1.05177405e-05,-0.795883,0.605450392,6.47718662e-06,-1.21288667e-06,-1.22925067e-05,1]}
{"name":"clone1","class":"BeamNGVehicle","persistentId":"f9af56e8-4ff6-42c8-a35e-896bd4afc092","__parent":"SimGroup_","position":[431.40332,1649.52966,98.0464783],"color":[0.240871802,0.53365612,0.855128229,1],"dataBlock":"default_vehicle","jBeam":"barrels","metallicPaintData":[[0.200000003,0.5,0.800000012,0],[0.200000003,0.5,0.800000012,0],[0.200000003,0.5,0.800000012,0],null],"paints":"{{[\"baseColor\"]={1,1,1,1},[\"roughness\"]=0.5,[\"clearcoat\"]=0.8,[\"metallic\"]=0.2,[\"clearcoatRoughness\"]=0},{[\"baseColor\"]={1,1,1,1},[\"roughness\"]=0.5,[\"clearcoat\"]=0.8,[\"metallic\"]=0.2,[\"clearcoatRoughness\"]=0},{[\"baseColor\"]={1,1,1,1},[\"roughness\"]=0.5,[\"clearcoat\"]=0.8,[\"metallic\"]=0.2,[\"clearcoatRoughness\"]=0}}","partConfig":"vehicles/barrels/target.pc","rotationMatrix":[0.519990027,0.788201213,-0.329164416,0.128055722,0.309070468,0.942378402,0.8445189,-0.53217876,0.0597798824]}
{"name":"SimGroup_","class":"SimGroup","persistentId":"1d3ee70e-486d-4693-bba1-84d2c0cbf598","groupPosition":"0 0 0"}
